2222222222222222222222222222222222222222222222222222222222222
2000020022220020010020000202000020222000020100200002202220221
1010100122020010010122211200212122100012020000120001012201110
2022101202200001102000122210021200000010100000101111010201010
1000012220011101000000100012001022121000001000100000012002100
1001010012110201000010000012000120200001210000001000002220221
1001011020010001000100000111210101010002000001222200120201121
1100000122012010111221001001001100010010000112002200021100010
1200101200100200002000022001000000000012211012200012201200011
1011001221001002010110000200011000000012200012000010022211001
1202000120001100100012000000000000000011001010102002220000001
1000000101200110000012010000110000000001002000100102220100120
1200011200222011100012020100121000000110120000122221010200101
1010112022000100111112200001200010000000120001220000001010121
1112012000001000002000012022001021001000000011000101002221121
1020022221000000010010000200022211112000000101011001020200020
1200100000000001222101110120100001020010000111110001001100101
1002022120001110120001000020222000111100010000022001021001001
1000020020012022200100201200020010122020121110100010100002021
1111111111111111111111111111111111111111110000110111011101110
