2222222222222222222222222222222222222222222222222222222222222222222222222222222222222222222222222222222222222222222222222222222222222222222222222222222222222222222222222222222222222222222222222222222222222222222222222222222222222222222222222222222222
2020200200001000222002000000200000001020110200020020212000110101020002001020120221020201022011000222001002002010201000020220020020012000000101000222200002001020200002001200201211220000202000000101020000002021020010200020202022001200000102200001201121
2212202220101110000221000022200211001220011000101012010210010100102202201120221000010101000001220122101100101021201112000101220012020010000200002000012020101011120210211202001001022010210110022111201010110101002011201222020010000111110011110221200012
2000200200002120112201000101012100101022010100000112002020010222010222201100101000011101201211200120112211010102000010010000222020111000000000011020220101000101221101020200102100210012100200111000000011000100210111000002010120000000020020012021000010
2010201221111101222000000111012001001102020011002010010100121001120111011120120000010112001000120100012022122101221111001001001100000120110000101202220120010000001010120100102000010000020000011000010220001200011001211201011000000000000000002012000001
2001211220010101021200000020012010221010000201000101101210002100002011111120100000111000201000000100012022020220202112222000100110100102201101210202000200121112002000120110022200000210120010101201100200001201010021010001001000110100010001100022220010
2101210100120200200000001020010222022110111001020101000001101110102201000100110000002111101100012011002202102022002110200000000010100022012012021011012012000202010002201211100000000021000101111220110020001020100020011001001000201000100010000102010111
2101011200220121021022110022212000222011000011100011012002121101001011100000100001121210010111002000002000120002201000121120011000020212122000010101102022100012110102202010001012200121102000020010002020001220020011101001001001200001021001100000112000
2012112000102002020002200200020012022200010200201012200010200222000120201011201010002022120100000010201211200022002221220020220001200000200012220000010100222220022200222222012202001200002002012120120200102022000000200012210010000220010000001010220001
2011101111011111111110111111111111111111111111111111111111111111111111111111111111111111111111111111111111111111111111111111111111111111111111111111110111111111111111111111111111111111111111111111111111111111111111111111111111111111111111111111111110
